Result Fitness=273 over 1000 iterations:
50 1
11111111101101111111111111111111111111101101111111
11111101111111111111011101111111111011111111101110
01111111111010111111110110111111101110110111110111
11111111101111101111110111111111101111111111111111
11111011011111110111011111101110011110111111111011
11111011111010111111111111111101111010101111111111
11111011111111001100111111011110110111111100111111
11011101101111111111111111101111111111111111111011
11111111111111001100111101111110111001111101111110
11111100111101111101101001111111111111111111101110
11111011111101000011011110101111111011111111011011
11101010101111011111111111111011101111011100101111
10111111111110110011011111101101011110111000111111
11110111111111111010001111011111111111111111100111
11101101111010001111101111111011110010101011000011
11011011010111111111110111111110000101011110111111
01101011111110010111101111111111111000101110111011
11111111011111011111111111111111111111111111111111
11110111110011101110110011111110111011111111111111
11111111111111111111111111111010111011111111111111
10101101111110111111111111101111101111011101111111
11111110011111111111111111111111111111111110111111
11001111010111111111111111111011100111111111111111
11111111010011111111111111111111011111111011111111
11101111011111101111011111111111111111000111111111
11101111100101111001110111110111111111110100101111
11111110111111111111111111111111111111101111111111
11110111111011111011111111110011110011111110111111
11111111111111111111011110011011010111101111111111
11111011111101110111111001111111111111101111111111
11110111011111111111111111111111111111111111011111
01011111111111111111111111111111111111101111111011
11111111111011111111111111110111011011111010101111
11111001111111111111101011111111011111110011011111
11011100111111010111111011011000111111011111100111
11111110010110101111101111111100111001111111111110
11111100111101001111110001111101101111110011111111
11111111111110101011010111111011111111111011101011
11011111101001111110111111111101111010101101111010
11111110111011110101111111111111101101111111101111
01111101111011111111111011101111011111111101001101
11111011011011011110111111111011111110111010111011
11010101110001101111011111111110111111101000001111
11111011111101101101111111111111001111111111110110
11111101011111101111111111100111011111101101111111
11110011111111110111101111110011011011011011111111
11011010011110111101001111111001110111111011111111
11111011001111110011110100100101111111111110101111
01110111110111111111111011111101111111110111111011
01111111111111111011110111001111111110111110111111

Result Fitness=273 over 1000 iterations:
